Country,Timestamp,Biomass,Fossil Gas,Fossil Hard coal,Fossil Oil,Hydro Pumped Storage,Hydro Run-of-river and poundage,Hydro Water Reservoir,Nuclear,Solar,Waste,Wind Onshore
FR,,Actual Aggregated,Actual Aggregated,Actual Aggregated,Actual Aggregated,Actual Aggregated,Actual Aggregated,Actual Aggregated,Actual Aggregated,Actual Aggregated,Actual Aggregated,Actual Aggregated
FR,2022-01-01,8694.0,63042.0,679.0,5134.0,12504.0,138660.0,33188.0,956188.0,22702.0,6023.0,95301.0
FR,2022-01-02,8629.0,64895.0,688.0,5151.0,1928.0,135262.0,18245.0,943520.0,14237.0,5625.0,219902.0
FR,2022-01-03,8666.0,78723.0,1081.0,5152.0,25191.0,138891.0,27270.0,1004384.0,15969.0,5287.0,201832.0
FR,2022-01-04,8344.0,118507.0,4214.0,5153.0,22639.0,140411.0,33204.0,1076214.0,10356.0,4748.0,156207.0
FR,2022-01-05,8206.0,119025.0,13698.0,6520.0,17577.0,147025.0,36868.0,1096611.0,22108.0,4834.0,126291.0
FR,2022-01-06,8078.0,139632.0,25213.0,6411.0,16716.0,148077.0,32480.0,1136062.0,25876.0,5492.0,85168.0
FR,2022-01-07,8310.0,134391.0,26129.0,5111.0,24293.0,145707.0,44644.0,1133265.0,18571.0,5643.0,207139.0
FR,2022-01-08,8556.0,85752.0,25363.0,5104.0,2427.0,135939.0,24255.0,1093037.0,14133.0,5736.0,241534.0
FR,2022-01-09,8399.0,108110.0,23606.0,4857.0,4442.0,136356.0,29869.0,1102374.0,10327.0,5684.0,150618.0
FR,2022-01-10,8563.0,193767.0,38286.0,5102.0,36591.0,152631.0,65448.0,1163283.0,12350.0,5501.0,40190.0
FR,2022-01-11,8673.0,198285.0,35597.0,5099.0,13096.0,146702.0,55383.0,1135627.0,26141.0,5390.0,57583.0
FR,2022-01-12,8285.0,201844.0,37233.0,6167.0,20657.0,149002.0,61619.0,1138704.0,26406.0,5352.0,56362.0
FR,2022-01-13,9503.0,216253.0,40019.0,5571.0,15444.0,160724.0,53345.0,1247909.0,26976.0,6086.0,64427.0
FR,2022-01-14,8902.0,201830.0,37927.0,5748.0,28243.0,146930.0,55849.0,1158612.0,28877.0,5768.0,26081.0
FR,2022-01-15,8797.0,192780.0,26040.0,5092.0,10244.0,134907.0,48540.0,1161352.0,28871.0,5772.0,27688.0
FR,2022-01-16,8783.0,193932.0,5606.0,5093.0,8738.0,118417.0,29523.0,1164240.0,24064.0,5700.0,57206.0
FR,2022-01-17,8752.0,192914.0,21295.0,5083.0,18292.0,134640.0,63398.0,1166767.0,20390.0,5716.0,40945.0
FR,2022-01-18,8884.0,195017.0,38137.0,5091.0,21503.0,128138.0,52242.0,1161877.0,20660.0,5708.0,64707.0
FR,2022-01-19,8500.0,195781.0,39489.0,5094.0,19118.0,122649.0,42910.0,1162638.0,11660.0,5317.0,69106.0
FR,2022-01-20,8375.0,193548.0,39226.0,5096.0,20646.0,117279.0,44632.0,1156210.0,18525.0,5189.0,90855.0
FR,2022-01-21,8458.0,193177.0,38485.0,5088.0,10592.0,111246.0,34694.0,1168633.0,29035.0,5074.0,90863.0
FR,2022-01-22,8590.0,204128.0,37764.0,5093.0,5450.0,90547.0,22958.0,1182862.0,28312.0,5878.0,56080.0
FR,2022-01-23,8607.0,198098.0,25203.0,5077.0,5121.0,78924.0,20109.0,1159712.0,29618.0,5616.0,60582.0
FR,2022-01-24,8675.0,196352.0,35465.0,9046.0,27000.0,106857.0,70741.0,1178598.0,33217.0,5347.0,45905.0
FR,2022-01-25,8446.0,196019.0,41467.0,22205.0,35934.0,123009.0,92133.0,1174990.0,29589.0,5663.0,17422.0
FR,2022-01-26,8351.0,175960.0,40817.0,13099.0,29027.0,115705.0,74681.0,1183417.0,28459.0,5968.0,26997.0
FR,2022-01-27,8410.0,193060.0,40093.0,6364.0,23603.0,110019.0,65028.0,1175409.0,25162.0,6060.0,82275.0
FR,2022-01-28,8539.0,195829.0,39957.0,5086.0,16110.0,105767.0,46754.0,1180769.0,22482.0,5985.0,50850.0
FR,2022-01-29,8601.0,144438.0,26078.0,5060.0,4090.0,80477.0,17056.0,1150098.0,20124.0,5832.0,161308.0
FR,2022-01-30,8627.0,174847.0,1915.0,5055.0,4578.0,67405.0,9432.0,1165023.0,23241.0,5695.0,61010.0
FR,2022-01-31,8676.0,150083.0,12579.0,5093.0,8444.0,83232.0,23822.0,1142785.0,19388.0,5416.0,247508.0
FR,2022-02-01,8663.0,162906.0,12308.0,6439.0,8021.0,83314.0,20835.0,1140164.0,20470.0,5392.0,205456.0
FR,2022-02-02,8670.0,175621.0,14484.0,5938.0,14877.0,87700.0,23693.0,1143792.0,20315.0,5548.0,124703.0
FR,2022-02-03,9414.0,179436.0,14809.0,6662.0,17871.0,99764.0,17581.0,1154219.0,18080.0,5404.0,60865.0
FR,2022-02-04,10108.0,159630.0,15733.0,5928.0,14573.0,100147.0,21502.0,1147353.0,17547.0,5448.0,163069.0
FR,2022-02-05,13665.0,120796.0,2129.0,5909.0,12126.0,85828.0,13957.0,1074020.0,35124.0,5474.0,134284.0
FR,2022-02-06,13461.0,90978.0,1875.0,5928.0,569.0,73032.0,6742.0,1025913.0,19379.0,5626.0,318389.0
FR,2022-02-07,13860.0,162456.0,21092.0,5929.0,16726.0,99211.0,21828.0,1075034.0,30978.0,5358.0,134480.0
FR,2022-02-08,14026.0,180148.0,33149.0,5940.0,14614.0,106896.0,20092.0,1091129.0,37595.0,5613.0,85415.0
FR,2022-02-09,12560.0,189405.0,30224.0,6401.0,23908.0,108288.0,36703.0,1092722.0,38356.0,5705.0,56939.0
FR,2022-02-10,9299.0,190346.0,37048.0,5934.0,14988.0,108820.0,23541.0,1098842.0,31159.0,5664.0,86101.0
FR,2022-02-11,12560.0,188839.0,32929.0,5922.0,19609.0,115831.0,31664.0,1106858.0,34443.0,5726.0,64187.0
FR,2022-02-12,13039.0,178288.0,23330.0,5925.0,8158.0,101620.0,13509.0,1046845.0,36509.0,5658.0,99989.0
FR,2022-02-13,14444.0,95332.0,19071.0,5916.0,1085.0,81735.0,10340.0,1000509.0,32994.0,5504.0,244591.0
FR,2022-02-14,14544.0,142206.0,30399.0,5940.0,13321.0,100927.0,28237.0,1024614.0,18466.0,5493.0,203467.0
FR,2022-02-15,12755.0,136358.0,35947.0,6173.0,21358.0,120297.0,36710.0,1056958.0,25916.0,5469.0,202979.0
FR,2022-02-16,8699.0,86367.0,2875.0,6073.0,12308.0,113138.0,23739.0,1049345.0,14061.0,5723.0,324752.0
FR,2022-02-17,12068.0,104930.0,2034.0,6060.0,16620.0,128305.0,26212.0,1019147.0,24215.0,5518.0,265805.0
FR,2022-02-18,8695.0,90257.0,1774.0,6057.0,18045.0,136163.0,21743.0,1042016.0,28788.0,5343.0,267419.0
FR,2022-02-19,11752.0,65950.0,2058.0,6624.0,11770.0,131369.0,23697.0,978016.0,34412.0,5806.0,238299.0
FR,2022-02-20,12982.0,65717.0,1846.0,6302.0,2145.0,120060.0,14158.0,939918.0,26432.0,5869.0,296503.0
FR,2022-02-21,14195.0,84690.0,15959.0,6117.0,18190.0,129609.0,29531.0,988809.0,28189.0,5570.0,310794.0
FR,2022-02-22,15140.0,112992.0,32745.0,6087.0,14681.0,135775.0,29234.0,1030379.0,31684.0,5522.0,184401.0
FR,2022-02-23,15236.0,145168.0,35421.0,6133.0,13568.0,137778.0,36760.0,1050309.0,41951.0,5451.0,45136.0
FR,2022-02-24,13524.0,94524.0,35818.0,6127.0,11286.0,128206.0,34668.0,1041768.0,26522.0,5432.0,181107.0
FR,2022-02-25,11457.0,105800.0,24193.0,6125.0,16868.0,134510.0,56887.0,1049441.0,44696.0,5128.0,113707.0
FR,2022-02-26,11934.0,142395.0,22838.0,6103.0,13326.0,120407.0,22235.0,1021771.0,54600.0,5498.0,116830.0
FR,2022-02-27,8756.0,88903.0,21497.0,6072.0,7286.0,93592.0,11246.0,980682.0,46381.0,5587.0,149248.0
FR,2022-02-28,8612.0,166485.0,35324.0,6134.0,23748.0,110102.0,33736.0,1011728.0,51439.0,5578.0,74905.0
FR,2022-03-01,8480.0,198412.0,16012.0,6680.0,21534.0,119800.0,46181.0,1029142.0,41344.0,5831.0,47345.0
FR,2022-03-02,8452.0,182043.0,14395.0,6082.0,30457.0,118653.0,50066.0,1023944.0,21105.0,5858.0,46679.0
FR,2022-03-03,11781.0,167456.0,30653.0,11887.0,23743.0,122819.0,47245.0,1018627.0,34610.0,5893.0,30854.0
FR,2022-03-04,11742.0,147811.0,38720.0,16799.0,16457.0,114870.0,36748.0,1025789.0,30520.0,6049.0,65535.0
FR,2022-03-05,8314.0,112217.0,23547.0,4737.0,5772.0,106951.0,38188.0,1024506.0,37022.0,5971.0,60332.0
FR,2022-03-06,7795.0,102190.0,14174.0,4628.0,7030.0,92447.0,17085.0,1008957.0,45760.0,5927.0,109071.0
FR,2022-03-07,7846.0,163645.0,14098.0,7760.0,26949.0,108863.0,55656.0,1011863.0,54680.0,5698.0,142060.0
FR,2022-03-08,11298.0,145866.0,24671.0,7110.0,24578.0,103624.0,41535.0,1017338.0,37415.0,5372.0,132963.0
FR,2022-03-09,11272.0,163796.0,21408.0,4693.0,20434.0,95355.0,42986.0,1018889.0,47111.0,5560.0,102176.0
FR,2022-03-10,7852.0,128659.0,21957.0,5458.0,12475.0,88843.0,28909.0,950751.0,33816.0,5586.0,111306.0
FR,2022-03-11,7988.0,100527.0,19636.0,4516.0,8377.0,79973.0,19926.0,942371.0,22923.0,5640.0,236486.0
FR,2022-03-12,8031.0,98044.0,811.0,4428.0,10513.0,71745.0,14278.0,848931.0,26936.0,5575.0,166343.0
FR,2022-03-13,6773.0,87296.0,1087.0,4281.0,5300.0,71471.0,22883.0,829971.0,21804.0,5427.0,177028.0
FR,2022-03-14,7071.0,172730.0,14192.0,5194.0,22796.0,92319.0,31888.0,836707.0,32006.0,5711.0,92372.0
FR,2022-03-15,7980.0,181704.0,15128.0,9584.0,37727.0,103105.0,47514.0,841406.0,26147.0,5816.0,89694.0
FR,2022-03-16,7969.0,170539.0,14880.0,4519.0,22894.0,106420.0,40398.0,853126.0,20876.0,5633.0,82985.0
FR,2022-03-17,8339.0,157522.0,14372.0,4454.0,16299.0,99317.0,32702.0,863213.0,18994.0,5585.0,113096.0
FR,2022-03-18,8377.0,121603.0,13715.0,4420.0,12138.0,98914.0,17756.0,859972.0,33176.0,5469.0,219540.0
FR,2022-03-19,8058.0,71353.0,13266.0,4419.0,5404.0,87073.0,9947.0,799765.0,44987.0,6019.0,202703.0
FR,2022-03-20,7931.0,122150.0,12384.0,4470.0,6961.0,78856.0,24071.0,790414.0,32396.0,5995.0,80857.0
FR,2022-03-21,7921.0,156808.0,14508.0,4472.0,17392.0,89686.0,34566.0,797258.0,48346.0,5843.0,82058.0
FR,2022-03-22,7973.0,143362.0,13950.0,5222.0,22691.0,88239.0,33249.0,794037.0,58296.0,5796.0,92381.0
FR,2022-03-23,7953.0,153675.0,14145.0,3904.0,20485.0,85372.0,28206.0,778483.0,61982.0,5767.0,59012.0
FR,2022-03-24,7612.0,155432.0,13279.0,4523.0,16726.0,84921.0,28452.0,778918.0,62305.0,6098.0,59317.0
FR,2022-03-25,7953.0,153258.0,13542.0,4520.0,9818.0,84801.0,24573.0,770974.0,57494.0,5975.0,102987.0
FR,2022-03-26,7936.0,109230.0,573.0,4533.0,8178.0,70579.0,11427.0,691922.0,62243.0,5618.0,152604.0
FR,2022-03-27,7538.0,102058.0,432.0,4342.0,9526.0,61419.0,11957.0,680309.0,55327.0,5368.0,70461.0
FR,2022-03-28,7620.0,143165.0,9784.0,4525.0,17896.0,78713.0,25204.0,722808.0,51015.0,5524.0,41976.0
FR,2022-03-29,7649.0,156884.0,14046.0,5108.0,14602.0,80795.0,28170.0,728262.0,32715.0,5558.0,48562.0
FR,2022-03-30,7600.0,155805.0,4263.0,4481.0,17741.0,92756.0,40260.0,720551.0,21197.0,5401.0,39294.0
FR,2022-03-31,7589.0,140470.0,6991.0,4539.0,9429.0,96365.0,30033.0,710823.0,37161.0,5448.0,148661.0
FR,2022-04-01,8086.0,146476.0,10488.0,19184.0,24171.0,105476.0,43299.0,727807.0,39332.0,3115.0,224716.0
FR,2022-04-02,8251.0,151849.0,12823.0,3728.0,13145.0,93676.0,32624.0,725439.0,39317.0,2859.0,182878.0
FR,2022-04-03,8502.0,142253.0,10855.0,5445.0,9074.0,86345.0,34816.0,749467.0,44448.0,2805.0,75140.0
FR,2022-04-04,8514.0,161171.0,9749.0,7162.0,26583.0,116787.0,56597.0,765949.0,62346.0,2754.0,138461.0
FR,2022-04-05,8553.0,150454.0,1206.0,5548.0,19232.0,102953.0,37166.0,762785.0,47346.0,2673.0,134023.0
FR,2022-04-06,8454.0,141924.0,680.0,3997.0,16837.0,100042.0,33931.0,761176.0,28127.0,2311.0,185469.0
FR,2022-04-07,8701.0,84601.0,1013.0,3350.0,9799.0,110094.0,34867.0,744912.0,30113.0,2177.0,316950.0
FR,2022-04-08,8536.0,123430.0,793.0,3324.0,17164.0,139389.0,43733.0,751710.0,33416.0,2601.0,166252.0
FR,2022-04-09,8263.0,123282.0,916.0,3549.0,12068.0,142010.0,28785.0,728644.0,56663.0,2814.0,75122.0
FR,2022-04-10,8181.0,99352.0,591.0,3546.0,7022.0,129109.0,20370.0,727273.0,70111.0,2684.0,55931.0
FR,2022-04-11,8120.0,78955.0,1019.0,3573.0,10293.0,130338.0,29444.0,742532.0,52232.0,2552.0,183078.0
FR,2022-04-12,8300.0,92025.0,1016.0,3590.0,13880.0,133345.0,27381.0,768772.0,39582.0,2623.0,121032.0
FR,2022-04-13,8343.0,119963.0,537.0,3592.0,17698.0,133466.0,22391.0,775494.0,36786.0,2805.0,28621.0
FR,2022-04-14,8873.0,110054.0,342.0,3378.0,10683.0,128411.0,21121.0,782700.0,61630.0,2818.0,27227.0
FR,2022-04-15,8795.0,64067.0,441.0,3420.0,4753.0,126142.0,16220.0,764790.0,62252.0,3021.0,46504.0
FR,2022-04-16,8261.0,27719.0,482.0,3378.0,8183.0,117535.0,17363.0,675538.0,69960.0,3085.0,107181.0
FR,2022-04-17,9715.0,19219.0,438.0,3684.0,7644.0,121123.0,15300.0,695319.0,70441.0,3479.0,111312.0
FR,2022-04-18,13348.0,41010.0,640.0,3370.0,11394.0,108126.0,19754.0,679344.0,58090.0,3076.0,54308.0
FR,2022-04-19,13855.0,114805.0,349.0,3382.0,16809.0,116174.0,25536.0,749675.0,47097.0,3027.0,52165.0
FR,2022-04-20,14822.0,123086.0,407.0,3600.0,20444.0,118213.0,25895.0,746152.0,32029.0,2955.0,80475.0
FR,2022-04-21,14565.0,105494.0,307.0,3601.0,18874.0,121456.0,33675.0,738139.0,42974.0,2737.0,78094.0
FR,2022-04-22,14364.0,103647.0,383.0,3786.0,9460.0,117286.0,20664.0,735240.0,57215.0,2849.0,81889.0
FR,2022-04-23,14470.0,28578.0,598.0,3542.0,7001.0,109195.0,21075.0,668256.0,27754.0,2984.0,121186.0
FR,2022-04-24,14321.0,38886.0,554.0,4907.0,6399.0,105411.0,27936.0,668107.0,35674.0,2978.0,71657.0
FR,2022-04-25,14255.0,104620.0,497.0,3596.0,20991.0,129095.0,28047.0,704286.0,53734.0,2840.0,59992.0
FR,2022-04-26,14306.0,128471.0,245.0,3693.0,18206.0,137914.0,29002.0,713560.0,78590.0,2828.0,60217.0
FR,2022-04-27,14523.0,129608.0,4381.0,3530.0,16635.0,132219.0,24563.0,699497.0,73005.0,2883.0,106322.0
FR,2022-04-28,14343.0,127340.0,10003.0,4673.0,19009.0,131525.0,27277.0,682468.0,67628.0,3138.0,89447.0
FR,2022-04-29,14428.0,122880.0,955.0,3981.0,14022.0,132599.0,24396.0,660254.0,69243.0,3246.0,68691.0
FR,2022-04-30,14307.0,101610.0,590.0,3451.0,7696.0,117564.0,24395.0,652566.0,73460.0,3301.0,86368.0
FR,2022-05-01,14284.0,73377.0,562.0,3431.0,9087.0,108527.0,22437.0,668379.0,77660.0,3359.0,48596.0
FR,2022-05-02,14357.0,96774.0,400.0,3465.0,16322.0,113495.0,33423.0,681790.0,67351.0,3385.0,56447.0
FR,2022-05-03,14186.0,119119.0,6898.0,3479.0,21121.0,118467.0,35032.0,676823.0,62726.0,3441.0,70650.0
FR,2022-05-04,12953.0,124421.0,2137.0,3466.0,23383.0,121740.0,38543.0,699152.0,63812.0,3433.0,41115.0
FR,2022-05-05,13979.0,120061.0,666.0,3507.0,17326.0,126709.0,39603.0,702967.0,63808.0,3445.0,49814.0
FR,2022-05-06,13993.0,116844.0,0.0,2924.0,13310.0,132266.0,34449.0,695755.0,69791.0,3705.0,68779.0
FR,2022-05-07,13980.0,84262.0,727.0,3568.0,3711.0,113487.0,24263.0,657868.0,75300.0,3768.0,66894.0
FR,2022-05-08,13533.0,58682.0,584.0,4159.0,5075.0,102228.0,16943.0,638919.0,72421.0,3830.0,75207.0
FR,2022-05-09,13570.0,112218.0,494.0,6705.0,22180.0,112603.0,28743.0,654260.0,84772.0,3907.0,37371.0
FR,2022-05-10,13804.0,113066.0,365.0,4160.0,11890.0,111840.0,26618.0,669449.0,81662.0,4053.0,58236.0
FR,2022-05-11,13246.0,98539.0,407.0,3549.0,8585.0,113315.0,22139.0,665624.0,86095.0,3721.0,121470.0
FR,2022-05-12,13292.0,118872.0,514.0,3511.0,15014.0,118673.0,24246.0,674948.0,62112.0,3577.0,47413.0
FR,2022-05-13,13352.0,112704.0,489.0,3516.0,15799.0,124708.0,26022.0,669617.0,75129.0,4111.0,42783.0
FR,2022-05-14,13710.0,80479.0,520.0,3430.0,7004.0,122107.0,17327.0,626312.0,81081.0,3855.0,36422.0
FR,2022-05-15,13821.0,61184.0,618.0,3436.0,3953.0,114873.0,21815.0,589639.0,76482.0,3946.0,92462.0
FR,2022-05-16,13940.0,116797.0,338.0,4068.0,20387.0,123316.0,32299.0,628830.0,77195.0,3818.0,66801.0
FR,2022-05-17,13987.0,117554.0,372.0,3475.0,29742.0,131748.0,34549.0,635109.0,86764.0,4159.0,49689.0
FR,2022-05-18,13906.0,104362.0,503.0,3358.0,19091.0,123423.0,28273.0,653826.0,81321.0,3252.0,44546.0
FR,2022-05-19,13963.0,98658.0,719.0,3354.0,15454.0,123664.0,32476.0,670296.0,73290.0,4021.0,78951.0
FR,2022-05-20,13996.0,110659.0,749.0,3609.0,13838.0,125734.0,27569.0,679277.0,68907.0,4435.0,104838.0
FR,2022-05-21,13947.0,53212.0,532.0,3413.0,7014.0,120054.0,21508.0,642583.0,83194.0,4236.0,35488.0
FR,2022-05-22,13974.0,59134.0,545.0,3317.0,11639.0,119158.0,20991.0,659158.0,65786.0,4424.0,46846.0
FR,2022-05-23,13813.0,96831.0,217.0,3992.0,25034.0,130427.0,29864.0,667622.0,49297.0,4303.0,111271.0
FR,2022-05-24,13926.0,82337.0,740.0,3322.0,15749.0,130274.0,23112.0,666614.0,55633.0,3948.0,93804.0
FR,2022-05-25,13999.0,82058.0,644.0,3331.0,11006.0,129677.0,22289.0,663641.0,65037.0,3917.0,102894.0
FR,2022-05-26,14007.0,31910.0,647.0,3319.0,8248.0,110656.0,20388.0,592177.0,60147.0,3657.0,87299.0
FR,2022-05-27,14017.0,32483.0,543.0,3340.0,13930.0,107697.0,19827.0,614072.0,70424.0,4008.0,70696.0
FR,2022-05-28,13970.0,32953.0,239.0,3346.0,3914.0,97913.0,21737.0,631122.0,89146.0,4034.0,94691.0
FR,2022-05-29,14053.0,40046.0,400.0,3315.0,6848.0,89735.0,17314.0,628749.0,87998.0,4198.0,96910.0
FR,2022-05-30,13543.0,85316.0,1157.0,3304.0,23940.0,104546.0,30186.0,722118.0,83104.0,4094.0,42497.0
FR,2022-05-31,13972.0,85075.0,9909.0,3898.0,19721.0,108568.0,29402.0,727481.0,76437.0,4042.0,40887.0
FR,2022-06-01,14665.0,100995.0,2219.0,3769.0,15360.0,109753.0,28370.0,793756.0,104277.0,4124.0,41978.0
FR,2022-06-02,13229.0,64955.0,9455.0,3416.0,11968.0,102868.0,29177.0,711728.0,74993.0,3957.0,64956.0
FR,2022-06-03,13125.0,86330.0,1097.0,3792.0,9165.0,103647.0,28589.0,711829.0,65057.0,4322.0,54851.0
FR,2022-06-04,13175.0,59396.0,391.0,3453.0,6566.0,96516.0,21949.0,657614.0,67400.0,4290.0,57361.0
FR,2022-06-05,13194.0,45580.0,398.0,3416.0,3457.0,94752.0,17951.0,615921.0,60393.0,4102.0,77881.0
FR,2022-06-06,13224.0,50236.0,324.0,3395.0,6735.0,92822.0,21571.0,650106.0,66650.0,3858.0,61141.0
FR,2022-06-07,13172.0,86304.0,494.0,3428.0,15502.0,102188.0,24083.0,693935.0,68805.0,3938.0,87392.0
FR,2022-06-08,13314.0,107041.0,454.0,3488.0,13457.0,101284.0,23442.0,697398.0,47080.0,3960.0,120892.0
FR,2022-06-09,11817.0,102300.0,718.0,3651.0,11522.0,99113.0,24340.0,685539.0,73968.0,3940.0,89165.0
FR,2022-06-10,7322.0,91096.0,559.0,3576.0,11161.0,93307.0,21343.0,682761.0,87737.0,3796.0,49424.0
FR,2022-06-11,7321.0,40048.0,516.0,3583.0,7918.0,86408.0,29785.0,648697.0,88025.0,4070.0,29011.0
FR,2022-06-12,7243.0,36492.0,520.0,3555.0,1431.0,78378.0,24496.0,622961.0,79351.0,4140.0,58076.0
FR,2022-06-13,7263.0,94850.0,501.0,3579.0,14786.0,88425.0,26047.0,681059.0,86432.0,4144.0,53367.0
FR,2022-06-14,7242.0,94096.0,385.0,3488.0,16690.0,87036.0,25257.0,687429.0,86336.0,4074.0,55488.0
FR,2022-06-15,7205.0,95815.0,435.0,3483.0,15176.0,88364.0,32462.0,678073.0,84746.0,4106.0,47057.0
FR,2022-06-16,7440.0,102408.0,540.0,7776.0,11226.0,93955.0,28951.0,665261.0,83155.0,3823.0,34363.0
FR,2022-06-17,7425.0,99931.0,614.0,13281.0,9797.0,91826.0,32365.0,667840.0,86410.0,3583.0,42304.0
FR,2022-06-18,7410.0,87744.0,788.0,5197.0,6256.0,78857.0,27012.0,624567.0,86038.0,3600.0,67747.0
FR,2022-06-19,7473.0,31757.0,976.0,3730.0,6392.0,71133.0,25815.0,608583.0,79866.0,3867.0,155268.0
FR,2022-06-20,7458.0,78485.0,799.0,4293.0,16033.0,79803.0,30513.0,660936.0,68990.0,3889.0,88090.0
FR,2022-06-21,7246.0,66578.0,556.0,10848.0,16617.0,86310.0,35908.0,689787.0,58871.0,3856.0,56735.0
FR,2022-06-22,7144.0,79348.0,568.0,9735.0,13845.0,94651.0,35977.0,700406.0,58857.0,3533.0,58630.0
FR,2022-06-23,6958.0,80474.0,552.0,4890.0,14880.0,97405.0,33659.0,707338.0,64409.0,4228.0,36285.0
FR,2022-06-24,7037.0,77807.0,568.0,4476.0,9704.0,98947.0,29161.0,681802.0,60463.0,4681.0,89862.0
FR,2022-06-25,7278.0,48509.0,717.0,3624.0,6417.0,95850.0,23662.0,648767.0,57513.0,4887.0,64490.0
FR,2022-06-26,7069.0,39095.0,700.0,5515.0,3929.0,84681.0,20134.0,662849.0,51064.0,4866.0,37541.0
FR,2022-06-27,7212.0,87844.0,776.0,3624.0,12812.0,96855.0,28912.0,675013.0,61787.0,4800.0,50653.0
FR,2022-06-28,7226.0,88748.0,849.0,3624.0,17657.0,95178.0,33078.0,632295.0,84864.0,4694.0,45395.0
FR,2022-06-29,7174.0,86958.0,795.0,7861.0,17544.0,90872.0,31502.0,661597.0,80153.0,4652.0,34334.0
FR,2022-06-30,7265.0,95591.0,850.0,3622.0,16445.0,90329.0,36401.0,666529.0,47055.0,4532.0,45570.0
FR,2022-07-01,7487.0,92679.0,906.0,3913.0,8953.0,97966.0,31289.0,668810.0,79117.0,4453.0,46405.0
FR,2022-07-02,7461.0,46343.0,745.0,3645.0,8185.0,86383.0,23613.0,631521.0,92457.0,4598.0,30692.0
FR,2022-07-03,7500.0,31810.0,746.0,3632.0,6136.0,73881.0,26389.0,606755.0,84276.0,4656.0,41980.0
FR,2022-07-04,7461.0,82863.0,756.0,6976.0,21105.0,89837.0,35620.0,639541.0,74442.0,4401.0,48200.0
FR,2022-07-05,7417.0,92453.0,815.0,5223.0,16480.0,84691.0,31492.0,644296.0,88608.0,4464.0,58150.0
FR,2022-07-06,7626.0,85751.0,790.0,8794.0,13258.0,83285.0,37134.0,630247.0,84269.0,4579.0,64812.0
FR,2022-07-07,8591.0,106758.0,808.0,8223.0,12288.0,81334.0,34057.0,636336.0,79637.0,4516.0,92266.0
FR,2022-07-08,8137.0,113766.0,775.0,4574.0,7459.0,75508.0,31057.0,654186.0,93808.0,4497.0,75960.0
FR,2022-07-09,7990.0,69383.0,614.0,3600.0,1139.0,62871.0,22377.0,630052.0,90761.0,4628.0,80013.0
FR,2022-07-10,7951.0,45807.0,594.0,3592.0,3407.0,57233.0,20565.0,614987.0,92427.0,4537.0,87899.0
FR,2022-07-11,7925.0,100367.0,559.0,4729.0,14956.0,61256.0,27551.0,666487.0,91081.0,4070.0,73493.0
FR,2022-07-12,7902.0,113429.0,680.0,9020.0,16950.0,65376.0,36644.0,673468.0,89533.0,3743.0,42021.0
FR,2022-07-13,7900.0,119832.0,777.0,17131.0,15781.0,72112.0,33490.0,632757.0,86124.0,3088.0,33772.0
FR,2022-07-14,7908.0,109578.0,776.0,5170.0,6517.0,67550.0,28014.0,616375.0,86153.0,3442.0,60630.0
FR,2022-07-15,7850.0,105647.0,815.0,3470.0,9705.0,69147.0,31309.0,603515.0,87456.0,3625.0,69508.0
FR,2022-07-16,7703.0,86352.0,745.0,3256.0,4931.0,61357.0,25150.0,578249.0,89214.0,3878.0,70873.0
FR,2022-07-17,7658.0,67330.0,761.0,3238.0,4359.0,56009.0,26045.0,537205.0,87136.0,3918.0,79088.0
FR,2022-07-18,7697.0,111972.0,882.0,6523.0,19495.0,70000.0,44390.0,570285.0,86555.0,3714.0,66445.0
FR,2022-07-19,7520.0,115173.0,968.0,8812.0,15729.0,71866.0,39660.0,569903.0,80493.0,3800.0,113368.0
FR,2022-07-20,7783.0,118802.0,820.0,20602.0,22631.0,71956.0,45781.0,587699.0,65401.0,3910.0,60104.0
FR,2022-07-21,7578.0,122289.0,765.0,5645.0,20134.0,70343.0,41160.0,604179.0,81162.0,4106.0,35178.0
FR,2022-07-22,7223.0,119357.0,760.0,6588.0,15616.0,73170.0,38129.0,597846.0,67173.0,4126.0,49552.0
FR,2022-07-23,7577.0,107716.0,644.0,3358.0,1690.0,67478.0,25171.0,565103.0,77566.0,4300.0,35566.0
FR,2022-07-24,7594.0,80885.0,553.0,4581.0,7341.0,62297.0,26017.0,545747.0,91669.0,4203.0,33021.0
FR,2022-07-25,7654.0,98539.0,657.0,4064.0,13569.0,67053.0,33782.0,556404.0,66887.0,3692.0,129744.0
FR,2022-07-26,7683.0,100493.0,934.0,5416.0,16195.0,64574.0,32443.0,567063.0,74011.0,3525.0,58339.0
FR,2022-07-27,7748.0,106779.0,805.0,3327.0,17354.0,65181.0,30888.0,578917.0,85168.0,3718.0,57730.0
FR,2022-07-28,7812.0,109500.0,608.0,3355.0,16170.0,64783.0,30670.0,588522.0,77341.0,3798.0,44177.0
FR,2022-07-29,7714.0,102337.0,602.0,3345.0,11198.0,64233.0,24970.0,592499.0,61492.0,4353.0,38542.0
FR,2022-07-30,7701.0,90864.0,716.0,3364.0,4642.0,60545.0,21873.0,588752.0,82045.0,4599.0,45721.0
FR,2022-07-31,7602.0,89138.0,645.0,3248.0,5701.0,55913.0,19847.0,546298.0,87514.0,4234.0,64380.0
FR,2022-08-01,7652.0,93697.0,582.0,3364.0,8109.0,59348.0,25408.0,581207.0,80977.0,3782.0,34913.0
FR,2022-08-02,7570.0,88575.0,628.0,3301.0,9394.0,61174.0,24843.0,609810.0,88352.0,3716.0,29587.0
FR,2022-08-03,7583.0,95519.0,584.0,4316.0,9606.0,58243.0,31786.0,635127.0,86196.0,3471.0,27832.0
FR,2022-08-04,7529.0,98079.0,627.0,4544.0,9719.0,64574.0,27668.0,628649.0,78680.0,3444.0,49474.0
FR,2022-08-05,7586.0,91149.0,576.0,3227.0,5026.0,57778.0,24766.0,598520.0,75966.0,3692.0,95928.0
FR,2022-08-06,7512.0,57240.0,620.0,3178.0,3364.0,56723.0,17911.0,585742.0,88657.0,3661.0,126656.0
FR,2022-08-07,7462.0,44775.0,563.0,3170.0,4560.0,48869.0,18457.0,588307.0,91090.0,3241.0,127077.0
FR,2022-08-08,7367.0,73350.0,552.0,3201.0,10414.0,50256.0,19582.0,633031.0,89944.0,3082.0,121579.0
FR,2022-08-09,7388.0,82870.0,555.0,3276.0,12041.0,49081.0,18963.0,632946.0,86512.0,2826.0,122972.0
FR,2022-08-10,7572.0,81285.0,581.0,3530.0,9847.0,50699.0,20463.0,632155.0,85517.0,2923.0,111098.0
FR,2022-08-11,7613.0,82341.0,606.0,4272.0,13230.0,50090.0,23070.0,592073.0,82733.0,3243.0,94981.0
FR,2022-08-12,7577.0,79077.0,552.0,3178.0,11457.0,47423.0,21702.0,596813.0,84156.0,3250.0,74304.0
FR,2022-08-13,7515.0,81759.0,556.0,3176.0,9677.0,45651.0,16504.0,571509.0,80146.0,3161.0,66856.0
FR,2022-08-14,7676.0,70903.0,564.0,3202.0,7466.0,43768.0,20362.0,573592.0,49583.0,3265.0,78369.0
FR,2022-08-15,7535.0,83441.0,598.0,3518.0,11478.0,46665.0,25366.0,600780.0,64051.0,2997.0,60814.0
FR,2022-08-16,7479.0,82636.0,452.0,11485.0,15323.0,52966.0,27080.0,603344.0,62744.0,2870.0,34078.0
FR,2022-08-17,7465.0,83831.0,370.0,4045.0,11870.0,52102.0,20777.0,605654.0,52194.0,3155.0,37512.0
FR,2022-08-18,7608.0,89818.0,614.0,3224.0,9791.0,58095.0,17812.0,630758.0,56243.0,3136.0,54334.0
FR,2022-08-19,7615.0,98032.0,838.0,3228.0,9763.0,65753.0,15272.0,635725.0,60566.0,3369.0,76645.0
FR,2022-08-20,7581.0,98128.0,528.0,3222.0,6913.0,69026.0,13996.0,551000.0,74897.0,3569.0,41840.0
FR,2022-08-21,7656.0,65570.0,514.0,3617.0,5864.0,56737.0,17208.0,548287.0,61668.0,3574.0,33758.0
FR,2022-08-22,7736.0,103621.0,585.0,4568.0,14980.0,59031.0,22429.0,562051.0,62004.0,3665.0,43008.0
FR,2022-08-23,7662.0,109504.0,668.0,3634.0,15578.0,58330.0,24856.0,569856.0,66861.0,3611.0,28671.0
FR,2022-08-24,7705.0,109729.0,647.0,4040.0,12931.0,56238.0,22355.0,557029.0,80331.0,3400.0,30382.0
FR,2022-08-25,7696.0,109961.0,800.0,3636.0,9274.0,52796.0,18805.0,539446.0,64611.0,3233.0,68526.0
FR,2022-08-26,7535.0,115528.0,935.0,3661.0,17498.0,53785.0,21353.0,542412.0,64245.0,2827.0,66803.0
FR,2022-08-27,7544.0,112461.0,802.0,3617.0,3241.0,47866.0,13634.0,501683.0,72915.0,3388.0,57043.0
FR,2022-08-28,7147.0,95182.0,688.0,3263.0,1169.0,42006.0,16033.0,488423.0,78938.0,3468.0,86662.0
FR,2022-08-29,7123.0,108598.0,832.0,3255.0,10974.0,45230.0,18117.0,550411.0,63942.0,3414.0,91606.0
FR,2022-08-30,7142.0,106756.0,769.0,3257.0,15555.0,50453.0,19422.0,565242.0,64108.0,3488.0,63680.0
FR,2022-08-31,7121.0,105336.0,590.0,3280.0,8794.0,50463.0,16299.0,565850.0,60800.0,3225.0,61817.0
FR,2022-09-01,7148.0,110560.0,590.0,3299.0,12162.0,52908.0,15290.0,562523.0,67630.0,3140.0,54624.0
FR,2022-09-02,7225.0,118977.0,578.0,3303.0,12247.0,50814.0,13093.0,538251.0,52174.0,3666.0,40912.0
FR,2022-09-03,7609.0,110675.0,600.0,3312.0,7445.0,46408.0,11139.0,494818.0,55224.0,4304.0,44730.0
FR,2022-09-04,7930.0,108079.0,664.0,3312.0,6242.0,41631.0,13457.0,511684.0,72755.0,4087.0,56977.0
FR,2022-09-05,7916.0,111734.0,698.0,3309.0,15697.0,46023.0,16475.0,553688.0,69299.0,4212.0,81286.0
FR,2022-09-06,10970.0,119337.0,646.0,5451.0,13987.0,52701.0,22541.0,575658.0,62429.0,3815.0,71756.0
FR,2022-09-07,13224.0,121030.0,639.0,16275.0,13406.0,58902.0,27128.0,581317.0,45910.0,3653.0,78233.0
FR,2022-09-08,13706.0,108188.0,863.0,3312.0,6745.0,65855.0,17061.0,573980.0,55608.0,3518.0,132812.0
FR,2022-09-09,13813.0,103835.0,670.0,3309.0,6737.0,59327.0,12728.0,565939.0,52797.0,3396.0,188788.0
FR,2022-09-10,13038.0,90040.0,695.0,3295.0,4242.0,50370.0,11002.0,572656.0,63921.0,3595.0,85751.0
FR,2022-09-11,15323.0,91704.0,312.0,3306.0,5735.0,46764.0,9912.0,585975.0,75409.0,3684.0,29813.0
FR,2022-09-12,15095.0,103040.0,312.0,3298.0,16180.0,50063.0,15441.0,630562.0,66747.0,3762.0,55650.0
FR,2022-09-13,15620.0,95893.0,788.0,3295.0,13031.0,49483.0,12766.0,617012.0,38974.0,3847.0,66017.0
FR,2022-09-14,15575.0,98395.0,603.0,3307.0,15547.0,54088.0,11814.0,612649.0,45307.0,3690.0,57037.0
FR,2022-09-15,15549.0,101883.0,588.0,3714.0,11563.0,60643.0,10813.0,625913.0,57457.0,3491.0,41161.0
FR,2022-09-16,15733.0,89346.0,765.0,3649.0,6752.0,60162.0,14322.0,625912.0,57268.0,3524.0,83663.0
FR,2022-09-17,15700.0,57096.0,870.0,3300.0,502.0,50610.0,9886.0,566722.0,73457.0,3138.0,109730.0
FR,2022-09-18,15509.0,43847.0,615.0,3250.0,7632.0,46024.0,10168.0,592098.0,73898.0,3043.0,89067.0
FR,2022-09-19,15509.0,82104.0,625.0,5266.0,14334.0,49389.0,18975.0,649704.0,73683.0,3038.0,64284.0
FR,2022-09-20,15756.0,104145.0,662.0,3256.0,12776.0,47008.0,15914.0,651949.0,71221.0,3215.0,52642.0
FR,2022-09-21,15915.0,108813.0,635.0,3257.0,14044.0,44799.0,18166.0,652559.0,72272.0,2835.0,55731.0
FR,2022-09-22,15402.0,111424.0,606.0,6823.0,19025.0,42708.0,21612.0,638785.0,71070.0,2343.0,29908.0
FR,2022-09-23,15246.0,105182.0,773.0,4277.0,18550.0,45335.0,18602.0,633471.0,39811.0,3187.0,25660.0
FR,2022-09-24,15032.0,91502.0,650.0,3215.0,9703.0,46488.0,14795.0,627137.0,36258.0,3360.0,46380.0
FR,2022-09-25,15032.0,91339.0,727.0,3067.0,7535.0,45829.0,15383.0,641737.0,48249.0,3225.0,59653.0
FR,2022-09-26,14662.0,89519.0,814.0,3049.0,6951.0,46629.0,15293.0,641771.0,45915.0,2892.0,170442.0
FR,2022-09-27,14226.0,101595.0,1105.0,3054.0,10643.0,52210.0,18367.0,672135.0,40085.0,2782.0,175052.0
FR,2022-09-28,14276.0,116507.0,930.0,3059.0,21912.0,74268.0,21492.0,672539.0,37703.0,2890.0,98153.0
FR,2022-09-29,12887.0,115755.0,796.0,3929.0,23633.0,88987.0,21994.0,627835.0,40503.0,3003.0,38811.0
FR,2022-09-30,7965.0,111763.0,464.0,4336.0,15557.0,94247.0,20583.0,632180.0,56840.0,2791.0,91920.0
FR,2022-10-01,8083.0,50192.0,673.0,3803.0,3111.0,84563.0,20034.0,610719.0,35194.0,2722.0,244910.0
FR,2022-10-02,7988.0,61043.0,382.0,3784.0,9922.0,91017.0,16982.0,590499.0,47541.0,2306.0,113046.0
FR,2022-10-03,7743.0,117199.0,358.0,7773.0,18872.0,94431.0,21855.0,618523.0,53653.0,2081.0,31288.0
FR,2022-10-04,7710.0,126372.0,381.0,7296.0,20285.0,85596.0,25206.0,629157.0,64097.0,2657.0,34519.0
FR,2022-10-05,7725.0,81233.0,423.0,3800.0,9915.0,77931.0,17910.0,605535.0,58044.0,2628.0,162243.0
FR,2022-10-06,7704.0,102345.0,315.0,3982.0,21528.0,75966.0,18353.0,604948.0,50471.0,2595.0,42340.0
FR,2022-10-07,7739.0,120949.0,305.0,4002.0,16248.0,75156.0,19324.0,629084.0,56278.0,2583.0,36786.0
FR,2022-10-08,7741.0,101757.0,334.0,3987.0,5519.0,61109.0,12590.0,638484.0,42002.0,2454.0,45237.0
FR,2022-10-09,7006.0,81228.0,302.0,3934.0,5193.0,52722.0,11306.0,636997.0,56777.0,2332.0,82766.0
FR,2022-10-10,6949.0,110617.0,127.0,4001.0,22492.0,55156.0,13701.0,688653.0,39187.0,2233.0,67151.0
FR,2022-10-11,6638.0,120786.0,207.0,3977.0,18323.0,55124.0,14912.0,696862.0,39778.0,2183.0,49895.0
FR,2022-10-12,6996.0,125742.0,330.0,3973.0,18060.0,55519.0,17238.0,695394.0,44874.0,2300.0,23827.0
FR,2022-10-13,7278.0,133954.0,381.0,3984.0,17309.0,54739.0,25465.0,686495.0,27982.0,2270.0,70290.0
FR,2022-10-14,7700.0,137901.0,452.0,3979.0,19829.0,54680.0,20351.0,689963.0,27567.0,2471.0,117533.0
FR,2022-10-15,7635.0,119038.0,287.0,3974.0,2715.0,49318.0,14846.0,620790.0,42771.0,2314.0,155394.0
FR,2022-10-16,7640.0,98045.0,487.0,3977.0,8416.0,44344.0,12740.0,612080.0,46084.0,2381.0,94655.0
FR,2022-10-17,7659.0,111348.0,3723.0,3968.0,19395.0,50128.0,12886.0,627471.0,33674.0,2343.0,115122.0
FR,2022-10-18,7856.0,109313.0,3826.0,4315.0,29739.0,51647.0,18918.0,653944.0,50103.0,2312.0,61551.0
FR,2022-10-19,7699.0,140908.0,395.0,4208.0,19657.0,53842.0,17614.0,639861.0,36815.0,2138.0,145350.0
FR,2022-10-20,7624.0,140331.0,360.0,4036.0,25098.0,57974.0,21493.0,621046.0,27742.0,2106.0,132974.0
FR,2022-10-21,7713.0,136884.0,2323.0,3930.0,12896.0,70354.0,24924.0,642261.0,24556.0,2180.0,164968.0
FR,2022-10-22,7691.0,125008.0,7476.0,3951.0,5389.0,81396.0,17519.0,693703.0,43605.0,2431.0,98884.0
FR,2022-10-23,563.0,105934.0,0.0,3502.0,1306.0,62927.0,12158.0,684489.0,28863.0,1789.0,226619.0
FR,2022-10-24,7580.0,106000.0,281.0,3958.0,11400.0,80898.0,10848.0,698621.0,38636.0,2322.0,243515.0
FR,2022-10-25,7817.0,124225.0,258.0,4438.0,14386.0,90716.0,12845.0,712731.0,32920.0,2451.0,99890.0
FR,2022-10-26,7731.0,124603.0,5668.0,3936.0,26165.0,85161.0,14789.0,685147.0,41300.0,2578.0,121951.0
FR,2022-10-27,7530.0,111646.0,379.0,3880.0,10430.0,76474.0,22263.0,680102.0,31105.0,2682.0,154414.0
FR,2022-10-28,7416.0,128320.0,295.0,4171.0,13345.0,71884.0,14441.0,688170.0,34937.0,2688.0,125541.0
FR,2022-10-29,7403.0,129040.0,578.0,3904.0,14507.0,61556.0,12451.0,610741.0,33511.0,2603.0,129885.0
FR,2022-10-30,7440.0,128195.0,0.0,3456.0,11911.0,52388.0,4303.0,586430.0,35914.0,2558.0,71000.0
FR,2022-10-31,7461.0,124880.0,677.0,8179.0,25981.0,60760.0,12860.0,651413.0,30331.0,2447.0,152765.0
FR,2022-11-01,7217.0,79745.0,561.0,6098.0,4804.0,70916.0,6803.0,616464.0,39038.0,2922.0,258767.0
FR,2022-11-02,6969.0,148007.0,907.0,4764.0,22623.0,75926.0,8221.0,644381.0,43679.0,2892.0,154952.0
FR,2022-11-03,6650.0,146225.0,1045.0,4818.0,26442.0,74842.0,15485.0,677683.0,15823.0,2956.0,227908.0
FR,2022-11-04,6712.0,145860.0,1315.0,4802.0,29440.0,84976.0,19976.0,686805.0,28273.0,3099.0,164115.0
FR,2022-11-05,6736.0,152247.0,1248.0,4783.0,6236.0,80623.0,8718.0,680586.0,39737.0,3277.0,95790.0
FR,2022-11-06,6562.0,103049.0,895.0,4814.0,7031.0,70682.0,7196.0,658544.0,34422.0,3285.0,206660.0
FR,2022-11-07,6535.0,135212.0,989.0,5290.0,17957.0,78494.0,15994.0,679492.0,40397.0,3012.0,239817.0
FR,2022-11-08,6634.0,110889.0,1060.0,4814.0,15739.0,77239.0,14330.0,694006.0,20553.0,2858.0,279892.0
FR,2022-11-09,6529.0,146032.0,926.0,4820.0,18257.0,86411.0,19923.0,711623.0,17468.0,2913.0,152106.0
FR,2022-11-10,6549.0,161761.0,993.0,4650.0,27239.0,104119.0,22318.0,700848.0,37280.0,3117.0,80005.0
FR,2022-11-11,6604.0,156009.0,1229.0,4510.0,12922.0,89904.0,15569.0,700510.0,42143.0,3081.0,75736.0
FR,2022-11-12,6603.0,159107.0,1096.0,4512.0,24776.0,83604.0,17480.0,699396.0,39032.0,2954.0,71796.0
FR,2022-11-13,6662.0,159197.0,1025.0,4511.0,8122.0,71083.0,10755.0,701539.0,34395.0,3057.0,49896.0
FR,2022-11-14,6736.0,151234.0,2690.0,4623.0,36031.0,83948.0,27369.0,720689.0,16430.0,3110.0,101065.0
FR,2022-11-15,6648.0,131529.0,8894.0,4538.0,29829.0,80185.0,18579.0,718354.0,14347.0,3114.0,200462.0
FR,2022-11-16,6956.0,85979.0,7491.0,4521.0,20572.0,88222.0,26774.0,717859.0,31334.0,3195.0,242361.0
FR,2022-11-17,6888.0,66488.0,937.0,4545.0,10828.0,82213.0,18124.0,698930.0,24433.0,2611.0,281445.0
FR,2022-11-18,8043.0,131953.0,9541.0,4677.0,18873.0,93072.0,18656.0,723359.0,26842.0,2838.0,129460.0
FR,2022-11-19,9804.0,138721.0,11438.0,4745.0,12952.0,92887.0,13421.0,711655.0,30704.0,3275.0,65642.0
FR,2022-11-20,10370.0,144090.0,9292.0,4800.0,1934.0,83003.0,10231.0,707406.0,28112.0,3217.0,169893.0
FR,2022-11-21,10453.0,142750.0,11367.0,4797.0,35806.0,97046.0,27957.0,741588.0,11325.0,3188.0,211016.0
FR,2022-11-22,10757.0,144855.0,13831.0,4799.0,28772.0,101201.0,27285.0,743765.0,24549.0,3041.0,269166.0
FR,2022-11-23,9775.0,106013.0,13376.0,5726.0,11294.0,104543.0,28701.0,758456.0,22775.0,3032.0,237047.0
FR,2022-11-24,9801.0,121148.0,13699.0,7051.0,20871.0,106730.0,29745.0,774854.0,24480.0,3205.0,206724.0
FR,2022-11-25,9792.0,139952.0,12772.0,4739.0,16794.0,105483.0,23499.0,780059.0,24542.0,3219.0,99907.0
FR,2022-11-26,9994.0,150898.0,11153.0,4741.0,11544.0,92102.0,14850.0,754369.0,25448.0,3121.0,94060.0
FR,2022-11-27,9872.0,87559.0,15326.0,4777.0,3543.0,76947.0,15755.0,714808.0,21888.0,2918.0,155722.0
FR,2022-11-28,9940.0,177218.0,32464.0,4745.0,21486.0,89184.0,33837.0,770833.0,16500.0,2910.0,87583.0
FR,2022-11-29,8511.0,202041.0,30040.0,6295.0,36559.0,95653.0,51973.0,813844.0,19933.0,3045.0,43090.0
FR,2022-11-30,6688.0,213213.0,32516.0,4688.0,37154.0,100029.0,53340.0,824722.0,24959.0,2520.0,50947.0
FR,2022-12-01,9634.0,198164.0,38291.0,5694.0,30581.0,96038.0,52899.0,828826.0,20645.0,2184.0,84103.0
FR,2022-12-02,10165.0,196261.0,40029.0,4021.0,22308.0,97272.0,31734.0,848450.0,15588.0,1931.0,73626.0
FR,2022-12-03,10188.0,178345.0,41525.0,4057.0,4811.0,73204.0,15648.0,857905.0,13042.0,2232.0,126214.0
FR,2022-12-04,10251.0,163002.0,39589.0,4120.0,1444.0,67057.0,11486.0,887471.0,18008.0,2606.0,57482.0
FR,2022-12-05,10388.0,187480.0,39557.0,5255.0,32885.0,89169.0,53021.0,880288.0,30163.0,2692.0,30947.0
FR,2022-12-06,10625.0,188110.0,38801.0,9766.0,32560.0,95743.0,44293.0,878406.0,23096.0,2683.0,46060.0
FR,2022-12-07,10576.0,189344.0,37254.0,5179.0,13920.0,89506.0,35928.0,879691.0,27547.0,2596.0,51382.0
FR,2022-12-08,10588.0,202872.0,41208.0,5417.0,15353.0,86619.0,45605.0,895328.0,14191.0,2560.0,46214.0
FR,2022-12-09,10617.0,200954.0,39990.0,5124.0,20875.0,101008.0,44949.0,931530.0,16715.0,2524.0,56762.0
FR,2022-12-10,10607.0,184091.0,32539.0,4701.0,12243.0,86414.0,18284.0,955748.0,25973.0,2502.0,44534.0
FR,2022-12-11,10587.0,185220.0,26475.0,11426.0,12421.0,77784.0,27850.0,968849.0,25612.0,2597.0,51791.0
FR,2022-12-12,8028.0,213975.0,41496.0,25757.0,42963.0,111061.0,76252.0,986050.0,17681.0,2340.0,75389.0
FR,2022-12-13,7271.0,215425.0,41289.0,19084.0,34656.0,117700.0,77900.0,990732.0,13991.0,2642.0,107307.0
FR,2022-12-14,7438.0,216993.0,39810.0,10529.0,30890.0,115541.0,75737.0,994173.0,15305.0,2509.0,54308.0
FR,2022-12-15,7285.0,215681.0,40224.0,10107.0,19859.0,120632.0,57599.0,997858.0,11983.0,2359.0,133181.0
FR,2022-12-16,7514.0,211032.0,40126.0,13200.0,33615.0,140781.0,60478.0,1002396.0,24516.0,2110.0,92823.0
FR,2022-12-17,10172.0,197576.0,42005.0,4136.0,14666.0,120804.0,37621.0,1003084.0,29059.0,2362.0,68072.0
FR,2022-12-18,10887.0,160447.0,38901.0,4135.0,7006.0,104655.0,38895.0,975593.0,23722.0,2537.0,193684.0
FR,2022-12-19,11031.0,133901.0,16827.0,4126.0,6950.0,92149.0,25508.0,950069.0,16237.0,2558.0,306204.0
FR,2022-12-20,10766.0,133717.0,11489.0,4164.0,18308.0,91387.0,21085.0,944657.0,10439.0,2462.0,241722.0
FR,2022-12-21,10913.0,132584.0,12189.0,4291.0,16596.0,98365.0,20949.0,963114.0,18786.0,2618.0,190942.0
FR,2022-12-22,10934.0,113518.0,845.0,4153.0,14241.0,101220.0,26480.0,954372.0,15035.0,2633.0,291371.0
FR,2022-12-23,10688.0,98996.0,1042.0,4157.0,10206.0,117857.0,24148.0,905027.0,15872.0,2659.0,269107.0
FR,2022-12-24,10244.0,58029.0,947.0,4160.0,15242.0,129970.0,23671.0,823261.0,21882.0,2735.0,119061.0
FR,2022-12-25,10245.0,58131.0,983.0,4135.0,6781.0,124693.0,23712.0,825393.0,21268.0,2717.0,147519.0
FR,2022-12-26,10140.0,57462.0,498.0,3923.0,5585.0,124079.0,12997.0,774632.0,17768.0,2586.0,169731.0
FR,2022-12-27,10100.0,54911.0,0.0,3637.0,17588.0,130200.0,15239.0,884494.0,24766.0,2461.0,125568.0
FR,2022-12-28,10041.0,53816.0,136.0,3733.0,18094.0,126327.0,18947.0,877874.0,24175.0,2566.0,306331.0
FR,2022-12-29,10247.0,56119.0,812.0,4176.0,21096.0,121302.0,21235.0,776725.0,13666.0,2662.0,252538.0
FR,2022-12-30,10105.0,54891.0,957.0,4112.0,28114.0,127918.0,22774.0,733162.0,13107.0,2446.0,303857.0
FR,2022-12-31,10269.0,54023.0,1064.0,4182.0,0.0,123632.0,17858.0,631052.0,18959.0,3040.0,356365.0
